,graphmak.csv,rectracker.csv,pdfedit.csv
graphmak.csv,0.31,0.89,0.84
pdfedit.csv,0.78,0.72,0.39
rectracker.csv,0.82,0.21,0.8
